20
-1.00
-1.00
-1.00
-1.00
-1.00
-1.00
-1.00
-1.00
-1.00
-1.00
-1.00
-1.00
-1.00
-1.00
-1.00
118.00
-1.00
-1.00
75.00
-1.00
-1.00
-1.00
211.00
90.00
-1.00
-1.00
-1.00
-1.00
-1.00
-1.00
101.00
-1.00
-1.00
-1.00
85.00
-1.00
-1.00
120.00
-1.00
-1.00
-1.00
-1.00
-1.00
-1.00
-1.00
-1.00
-1.00
138.00
146.00
-1.00
-1.00
-1.00
-1.00
-1.00
-1.00
-1.00
-1.00
-1.00
-1.00
-1.00
75.00
-1.00
-1.00
-1.00
-1.00
-1.00
-1.00
-1.00
-1.00
-1.00
-1.00
-1.00
86.00
-1.00
-1.00
-1.00
-1.00
-1.00
-1.00
-1.00
-1.00
-1.00
-1.00
-1.00
-1.00
-1.00
-1.00
-1.00
-1.00
-1.00
-1.00
-1.00
-1.00
-1.00
99.00
-1.00
-1.00
-1.00
-1.00
-1.00
-1.00
-1.00
-1.00
-1.00
-1.00
-1.00
-1.00
-1.00
-1.00
-1.00
-1.00
-1.00
-1.00
-1.00
-1.00
-1.00
-1.00
-1.00
-1.00
-1.00
-1.00
-1.00
-1.00
-1.00
-1.00
98.00
-1.00
-1.00
-1.00
-1.00
87.00
-1.00
-1.00
-1.00
-1.00
-1.00
-1.00
92.00
-1.00
70.00
-1.00
-1.00
-1.00
-1.00
-1.00
111.00
-1.00
-1.00
-1.00
-1.00
-1.00
-1.00
-1.00
-1.00
-1.00
-1.00
-1.00
-1.00
-1.00
-1.00
-1.00
-1.00
-1.00
-1.00
-1.00
-1.00
-1.00
-1.00
151.00
-1.00
-1.00
-1.00
71.00
97.00
-1.00
-1.00
-1.00
-1.00
-1.00
80.00
-1.00
-1.00
-1.00
-1.00
-1.00
-1.00
-1.00
-1.00
-1.00
-1.00
-1.00
142.00
-1.00
-1.00